static/img/nctu_TWD97.asc
ncols        189
nrows        186
xllcorner    249167.000000000000
yllcorner    2741587.000000000000
cellsize     6.000000000000
[rows 0 to 17 of 186, columns 0 to 39 of 189]
65.388990429551313355 65.93538138734524523 65.988244728257612337 65.826961123364171158 65.81207831894407434 65.688155964676795406 65.59580322659209628 65.648088731360772385 65.198305041146227268 65.844664698709209461 69.25909985368915045 72.954159815753698126 75.549787695692231182 79.099414185429637314 81.328170812447439175 81.560824175810481051 81.633295083266716574 81.624465145001408928 81.615644525184023905 81.542549326137901744 81.588943620187620809 81.600199538357145457 81.629556344050470784 81.662998861566990172 81.593934708556105306 81.52851921348960218 81.550485943767753838 81.797846153790558787 82.047647480099811901 80.100555114574689242 78.315362836980540351 76.983046990862590064 75.889865586423283617 75.735829285046492032 74.320655007475480147 73.732658227867176493 72.397502587237681837 71.555460771267249243 73.068856840426661847 73.130161096046421676
66.166433457755275072 66.185970321966905772 66.006628587752175008 65.892356459115177358 65.948389805243522233 65.734098717111947963 65.677520512889017823 65.627118237038985171 65.818233959972545222 65.815072374079804263 69.195928135215311272 73.205788150789686597 75.650968002154783676 79.020372724017335031 81.34849702931258264 81.512797144049500275 81.478894317257285707 81.604450330370752908 81.553198931901576429 81.559128231120496366 81.599855567893285979 81.645458515270945554 81.61370251127121378 81.565467882633214458 81.506381697590256863 81.665671020048364426 81.618751753152380957 81.762293144187211169 82.020800534620860844 80.041110943167481651 78.591631516313213979 77.437227654948557642 76.477626141549222893 75.931007753884202316 75.525302354655948989 74.27523027592120286 74.72569792791911425 75.134388497935276519 75.635868420719617689 75.072049796850791381
66.207752431738938981 66.099765954011772351 65.954824093826843523 65.844746474034991479 65.748545553829714549 65.629303963245419595 65.585428197863222977 65.652744516189443402 65.73307652437416948 66.416930526499413645 69.332734998099979862 71.387932530949129273 75.119641791032776723 78.855008032556241915 81.289719133747652791 81.36061516090353507 81.757644929851082338 81.490630893059829987 81.469614250803502387 81.560117970902027196 81.568989677823594775 81.610442073212766445 81.632566308239702835 81.579740450312712596 81.594779477521484523 81.764706011168172495 81.724533330266552866 81.793582961306910306 81.683654839464352904 80.396612240892707746 79.396816523433372481 78.378558472709457305 77.029239661003231276 76.405947480158843632 76.297039463240821533 77.840122961376877697 78.607304614023632894 79.052656072785282504 79.065019099204519648 79.031688956045670125
66.328586361401235649 66.04433550107597739 65.939079262626691502 65.871482047349545041 65.808465993469852151 65.828647272723898709 65.722044388025949502 65.728395808652308574 65.801647756174659776 66.084997525068033042 69.467148840836870249 71.395359366861555372 74.484134383100737864 78.061108173427498969 80.352944236693062408 82.232585349823906995 82.37263241452983209 82.464874545248321169 82.162443321695178611 81.616995645864207631 81.577035419692833784 81.596168582367283761 82.181854500789938811 81.897076872462704955 81.841913746646582695 81.781083969998405792 81.791124774137060172 81.66457778922543298 81.332306709257352395 80.872273988734605155 80.121017570582196754 79.055287674279341559 77.709252174639871669 78.145782939312411486 79.582586837933845914 80.756407449881294269 80.861869642529981661 80.812199630316854382 80.944669421486068472 80.784444444415925091
66.425318818806871946 66.398877169861975744 66.032904198217210023 65.954790260688994863 65.812908503762571399 65.835589786874152196 65.771985192144498455 65.816614908362112146 65.916945151777511569 65.846238863835040434 69.787125395223085889 70.128751201001335858 72.805390562747135164 76.716018518556964523 79.119382444453549397 81.975593098591119201 82.494946868632908377 82.87216880048930534 82.484389802772355438 82.27731537407846929 82.178871354763501245 81.854084057998250046 82.057472319485512458 81.880606936412050345 81.84175644895121593 81.888743602324481685 81.558498331455567154 81.554737445546592767 81.208844046217009804 81.011450457504992073 80.338014058388864669 79.340375005103211947 78.484821214340996676 79.19976047911298167 80.623722745291701131 80.916078008315835746 80.840361503463114445 81.082962244387161377 81.14915161498248608 80.985356321858930073
66.498520579094517302 66.434271830610512666 66.293418794522878557 65.951893766946255937 65.885157348330139371 65.799883663770813769 65.95470487794771941 65.906368626548754719 65.902463910930578095 65.939768856154756804 68.62391992245896688 69.996658549354577872 72.215054275992159205 74.893007824228433833 77.906507575553263223 80.106283424919453751 81.44302872522018788 81.59653474681911689 82.082803305041764474 82.214209271572357807 82.225433433133900962 81.852983339981236099 81.71122505542490444 81.714153726292693136 81.491241379306927684 81.673995359657013182 81.37490140733657995 81.185530303033246469 81.143637586192056688 80.652205810786810503 80.062036507777449401 79.412724037749981676 78.939054475455108673 80.821175115211858042 80.887058520011279938 81.003888703104479418 81.12308374558843127 81.080348403565125182 81.108187363707287432 81.092754994035786353
66.583128374774034341 66.477122141955561574 66.49434016198993902 66.130447120713284903 65.993045042811260714 65.917726027398359179 65.926651365618880618 65.913215090807696583 65.930951285384367111 66.00281045751854947 68.57256387562254929 69.813061150635860486 72.255536456289902958 75.044113286297601917 77.268965693537481343 79.661689389365520242 80.894846430316775354 81.034704259971775286 81.840094209394493419 82.136444978270404249 81.84288624039561455 81.698028703652710192 81.482876254178520981 81.517138508412742226 81.423377820128564508 81.263243086721217878 81.215509420069622593 81.053037560125503092 81.068768181811108775 80.756307877061246359 80.330231769379480511 79.770770047794314905 79.552225846157710976 80.748765880213142054 81.010423904340299828 81.093861218700709514 81.105943306381746538 81.106472522538922476 81.126112414338706458 81.116021996841169539
66.491041666613796224 66.66185661764058068 66.497625751080235545 66.287846601534951674 66.075563329092318554 65.928976990050159657 66.014487847238044083 65.961969724771066126 66.078761261273285754 66.142802228415504828 66.217657569939888162 69.936939284179047149 71.118594834374547986 74.792951946455914936 76.053214793846549924 78.576141524371720948 79.937323851507471772 80.813961822204433361 80.972621201616732378 81.794459622759703166 81.15066146214134335 81.411371704824134099 81.287315683397693533 81.342346609262278889 81.23088612240407258 81.13360910391709524 81.099723195015556598 80.997691912423263716 80.927993930431227909 80.739364075536613541 80.340000000000003411 80.030215583101863785 80.22037009003757646 80.859561570389999474 81.075253139839020378 81.070024815639939675 81.20632693925914225 81.212690918560824116 81.232385886033966926 81.163260792010134992
68.314747345860340033 66.625497946348474443 66.493322012970722312 66.429103612376565025 66.151159874645557579 65.934120548928305539 65.981786574138538981 66.107876812925098875 66.073876067175987714 66.101581212598787829 66.120122926703544408 69.325746255911312232 70.831350061779602356 72.74235448316174768 75.245191321617568292 77.235833518458946401 79.504068164103401273 80.029447782710718684 80.283425817886808318 80.197259654642053306 80.088396695594568087 81.052624984851163958 80.861516809608531275 80.929555112865969591 80.880752493609264775 80.997027537174631107 80.979734018431955178 80.914890368934720755 80.751758034033031208 80.890496439664218542 80.747780979820177549 80.111491900120199716 80.245390189567459061 80.598907103826292087 80.998335931423284251 81.141937210129654545 81.20356404956987717 81.249908333322522935 81.292716975365891585 81.307194817970398049
69.547418933355487525 66.544878291106385859 66.564068004916350674 66.465142786806751474 66.121312609770768631 66.013583942005482186 65.953060809751406168 66.072977298885859909 66.23041727566359782 66.209465968582549067 65.803451775857652706 68.947123403294114041 70.0445580082960646 72.105109127743290287 73.754406599379265685 76.097468480585291672 77.801047940208277964 78.951275877673907644 79.373279291332409002 79.088689271209119624 79.642863358625845649 81.159198443204601858 80.841804469512311471 80.795535714283261086 80.773566219755636553 80.922939286978248674 80.896399556302597489 80.966731701636931007 80.800793199125138244 80.93837601494406897 80.953493578565982602 80.67164062499875854 80.400219126887293442 80.459987854261029838 80.930611356392049061 81.449802867526770456 81.608820933159918809 81.725961326069750612 81.80997527219747667 82.043383489219309013
69.54414582023299829 67.231087944406837664 66.515091726027122832 66.396611398965831086 66.198985188308711258 65.982857142869391964 66.081704480455513817 66.099999999999994316 66.186780859442748692 66.181835375073561067 66.081096256861982852 66.772433244702796173 69.395481987899231058 71.844121406248092399 73.219458786425917651 75.296394597025965822 78.168131399778189916 79.470196497064733876 79.331744159037398845 78.622226672590258545 78.97826936746533022 80.443663653017253523 80.882687105986676102 80.758705357139874081 80.786959690285044644 80.88478924679149884 80.804503289587799486 80.855821703432354752 80.815047380970838731 80.935218135812888818 80.970507439905944125 80.78512331020007764 80.558285123970250652 80.459078048799014482 81.652173402147866454 82.397216052939839415 82.468752013682845359 82.603908163266311249 82.648101341286704269 82.748976128858600987
69.313176820693783498 67.260377358411545856 66.596125363664086194 66.355213043877540713 66.215899461503894941 66.043022664861780413 66.004567690177168515 66.087381871581413861 66.157087986636554433 66.213907885555556732 66.207147140748006109 66.763770553577870714 68.44753842592183446 70.74043443208749693 72.169439311683760252 74.521370259676800174 77.393107062493697867 79.159460266350180291 79.287981837472798929 78.925798045616062382 79.586541161426282542 80.638367787021849153 81.053299268478781414 81.028609204924805454 80.949280620506698369 80.878132188086226506 80.859748374046674257 80.862510085188702647 80.985649036130752165 81.212133478896973315 81.055494949479424349 80.850235546039357359 80.666023176784776183 80.529707865169712022 80.585564891629104523 81.883093754616396609 82.638065420559456697 82.777685010753131678 82.851967213097339027 82.917726544082924534
69.593188218017942859 67.379675361279808499 66.547074948775701841 66.383055988361107325 66.284843559521448242 66.108967544794225546 66.14277419355094878 66.187329828317047031 66.268335787923760449 66.247039678926341821 66.302368669861181161 66.285737613400769419 66.52546585797266232 67.977606614527928741 70.08481613297436752 72.575882703027389198 74.845379412329222646 76.364309258549113224 78.22457037907415156 79.963020645792170171 80.429309933887438433 81.259075360766090057 81.296347092019345837 81.358189426064242866 81.226473718710693106 81.225050182844128699 81.139322052786852169 81.15519377485874486 81.331068998335354081 81.335609229933197639 81.291900299264952423 80.889999999987480805 80.832536670915857258 80.547467479650094901 80.871234446242738159 81.774498749646724605 82.682642310959295173 83.006826817068727564 83.03038439189906228 83.041643471719680747
69.256785896777799394 67.698548245603305418 66.480429410020818182 66.528122672146622563 66.413578844098580589 66.304187305237675787 66.21337818493999805 66.311469387763679606 66.29101556194163436 66.046771781839140658 65.606229778002756348 66.208625439468193008 66.444586117154003091 66.757300744180525953 67.094076394434907229 70.185565496742171376 72.522545400234321278 74.613029191210060276 76.227067418562953094 79.036189129418090715 80.204354329754238506 81.08042074207838823 81.39783849838509866 81.588805839462196445 81.440505023255923334 81.32973094851389817 81.536995572280972056 81.388829587525705733 81.355197547809666503 81.377793793309066928 81.316151633913094088 81.274953468205765716 81.203300940437870281 80.959482758624844223 81.937081359100631062 82.03485134704484949 82.568973509940903455 83.247732059486693856 83.168457591732249057 83.173952256135180505
69.633649748946851332 67.793987876148932514 66.705547666680459429 66.625194606953357379 66.508019111860875228 66.383987318835963265 66.379723502303917826 66.358957395840405979 66.130175781842808647 65.510561699390834178 64.818326468939005736 65.084406706623084915 66.068290443826455771 66.350350379075209162 66.945785506478671323 69.312775977041297892 71.62167800598054157 72.977053610396495742 74.332429214812449914 77.442809071414401956 80.009285216790118511 81.444661001257486532 81.608009732969108541 81.708535221001085347 81.664630743440227434 81.625877152430447836 81.587123561420682449 81.686623352973668943 82.074763568527956181 81.983104818395815983 81.510482649754365525 81.469284484047037154 81.699791337844217765 81.275039386979599954 81.246424265978120616 82.494668974522085136 82.750804184306488764 82.932259306812866839 83.053823572772216721 83.170391851719983833
69.532795508267682294 67.60462190049585729 66.783106483535902953 66.620386519192308583 66.511711374921532069 66.331368441221883359 66.228363496981089042 65.880608963209013496 65.640212694712957386 65.23351251522228722 64.802044001182864008 64.756038499083359739 65.143704445255977475 66.305620049349641931 66.646039786893766177 68.566122718320684726 71.113219515719123365 72.518837277695979537 74.09006650660327864 77.589353961126221293 79.869026089761149478 81.937232931459831775 81.531141733686766315 82.076875978938232947 81.673919967592212288 81.670543329110159902 81.647599344529794507 81.8042318713682306 81.989190967021855272 82.177787512300028538 81.993525654834428451 81.663615499888322802 81.769841848248148608 81.383688810101418198 81.438239100817597205 81.518526595739274399 81.754916043635205369 82.57049866428876328 83.043275193746751484 83.380738198282429607
69.483030903333613537 66.939741352430985444 66.7187990296449982 66.594809950243316621 66.138639841115363538 66.022529127501712765 65.947148158928456496 65.599181045482893637 65.251213932037330778 64.921467993612509417 64.701893456899654211 64.814883233167222443 65.046838146859471408 66.335530704153129022 67.268444906077434098 68.939989943361183578 70.611534980620987767 72.279010791396331115 73.94126925371698178 76.655284713970601729 78.980273834432921376 81.03030012324259701 81.644044624379219499 82.361085866639257347 81.838447836199776475 81.660409570993607531 81.647638335101575535 81.749054397224185209 81.866772591478522259 81.952628201489048365 81.958988935980698898 81.805541723966271661 81.737265206553828989 81.572200695486486666 81.649997567855876923 81.591727471152964313 81.604014905298370763 82.034952318444226194 82.624956498970675511 83.306532451643747095
68.392072422352299554 66.869848607404875906 66.706083534887582687 66.589222460360687705 65.821937865167171822 65.743192687226695625 65.665720241202336638 65.317753127756773779 64.96978601431121092 64.837364224940913005 64.708478243699545374 64.749068439175999856 65.515782414487020446 66.410721116857544644 67.274799299187648671 68.754527299676979624 70.208484967733156168 71.637026029071591893 75.61515335761153267 78.325524065327314815 79.525226624086343463 81.557671813086756174 82.390303976813044073 82.797763081022054621 82.178771735640907536 81.689983163069470606 81.692009617503515528 81.703784626010715897 81.880127232247517099 81.659032941302754693 81.852669484416509249 81.817371428553386181 81.689422011079827257 81.694972406606453319 81.630048727629457517 81.663124836883241642 81.779555602078957577 81.782713485223695216 82.199305585123042306 82.770125413947823745
