static/img/nctu_TWD97.asc
ncols        189
nrows        186
xllcorner    249167.000000000000
yllcorner    2741587.000000000000
cellsize     6.000000000000
[rows 36 to 53 of 186, columns 40 to 79 of 189]
83.313009386843532411 82.919710588556654329 82.70862197909636393 82.758680273373471437 82.846808273710465187 82.579991408932812647 82.570003705068529598 82.544155784747758275 82.181685759367098854 82.474597432849776624 82.470723416832285579 82.481047810550549571 82.452672255439551918 82.461819370740229829 82.207823767341722032 78.262481855912895412 81.251244422708467141 82.50097243591393692 82.375680841420944489 82.323773346095791226 82.025447018310174485 81.153513058123834867 79.261455929590042047 79.147620645142566786 79.105470270292869372 79.21169634251862135 78.923935653067005092 78.897558050526981788 78.969574960032431932 78.958195899263799333 78.892395869507993211 78.721325723924223894 78.801715690878182841 78.936737102574142 78.924031007738648213 78.930044458600903567 79.1521960241387319 80.562209752309314581 80.734013063411282474 80.694681678626068333
83.176029772138747376 82.890555980947794978 82.830645086505668928 82.817538031135711663 82.372651251198121258 82.544730904566606 82.580891436592281707 82.57653922314628403 82.56810788871499085 82.537610132172346766 82.534504628714856267 82.418412459844915929 82.39588588576600614 82.493633952258889508 82.536269907811572466 82.536031390135335073 82.49861030060350231 82.49928795638109591 82.50102029456893149 82.429921197773097674 82.032501237159522134 81.937286821706578621 81.699102629923928021 81.512155595186371215 81.367997819104274981 81.397019673940903317 81.351283191462414379 81.224623319789870379 80.578602742218521371 80.408828481107022412 81.277635322395866524 81.241897792106954057 80.98848164953224682 81.154676776904992153 81.15962680236643223 81.137438396784304473 80.817445522834532312 80.47017565719374943 80.8237805532481417 80.736005213860309482
83.193858473463436098 82.930568461628425325 82.996449241219579562 82.524483260553168407 82.578127872959228739 82.524639530172620994 82.52032885595092182 82.49017307358724338 82.49698703496558494 82.491253820076735792 82.563473092709983803 82.577540431197050452 82.602484875480826076 82.444185007452688296 82.485331704703099831 82.480625000012040005 82.621664170155312945 82.680684072530340245 82.420715236358930156 82.266725947516462725 81.982840871754305567 81.79394975532591161 81.517145606566401739 81.59454974737241173 81.565118886583675817 81.425337430930241567 81.384173697269972081 81.262182297732437064 81.346196779745596928 81.310425634768790815 81.2420569680927116 81.150507706253748097 81.161302341924653092 81.020741550230781058 80.925431887142892151 80.886312003520728808 80.582483221461657763 80.510187609043072143 80.654011934483946789 80.504202394865473025
83.413212104926586221 83.089336656012520166 82.502541254115527636 82.543617502059120739 82.507179487132660256 82.477338017981551843 82.530123956675893737 82.557846049973349523 82.556498493979233899 82.591796903132419061 82.560919286638494441 82.460823979188248245 82.52280373172027339 82.574472445969703926 82.47804728835728838 82.554361331729097628 82.624257397788227308 82.777433658046604137 82.551078376353387966 81.976458749001693604 81.719677085487006707 81.617262438735366459 81.568318042823364067 81.623997697771798698 81.5184929880397533 81.519989594175157777 81.30944885565537561 81.269578229515346379 81.173833757429562752 81.131293885591432513 81.046072154774947194 81.035293814259958367 80.947336151420685724 80.840346196725121786 80.74819338260950019 80.721776296320214783 80.708289347470994812 80.542538603581760981 80.493029882301854627 80.459976549580943583
83.56340425531753624 82.488224101453837989 82.635636303336866604 82.599744039298300891 82.57730742417662384 82.600040756694212973 82.639393939409089285 82.672809379313676459 82.659458118927005899 82.586415422885394833 82.589279945016556894 82.585179978687122571 82.489999999999994884 82.527992166212982283 82.608923076949892561 82.59294624398502549 82.599466744327756373 82.641564563463305149 82.481273136152680081 82.120799317311380605 81.84956706764292278 81.787512313846860934 81.759630919212270328 81.634400602647744449 81.579214820055781843 81.465648007479614989 81.434932668920581023 81.343939501785044399 81.260653980488896764 81.208626213586924791 81.150311850318018969 81.120418029801058424 81.064818589978685281 80.967028501386948847 80.826170369616875178 80.726340427197698091 80.650400354744931519 80.576781192903354167 80.491279565728717671 80.423284946614074897
82.643144494986614745 82.586645794547962396 82.535473576718047184 82.517864242426227861 82.581560002475654869 82.618907028821141125 82.621341571070374243 82.668686338991818729 82.645388976385547153 82.71780204368083389 82.622268041236694103 82.607872262103498429 82.55367187499746251 82.502260626566013002 82.609144694068007198 82.580351887406337141 82.660790314571102044 82.753417442969066542 82.60276823441959948 82.118588099208722042 81.95365011377755593 81.886302470780265139 81.878066909477169588 81.734020365416256482 81.807437322891175313 81.536247752769114072 81.508351805825853376 81.249872697036238378 81.109585173340107644 81.070450567839102973 81.248296657567280477 81.264684555746072192 81.217206703913731758 81.108940041972587665 80.923167208150246665 80.943880037762696134 80.866380322479912479 80.61249644042447926 80.62699328694989731 80.702109735805947821
82.429732003102941462 82.571930232560802665 82.488966008192491586 82.532451445039981763 82.58832770271759216 82.611940623563313579 82.626869565217319291 82.694288224956352451 82.650938916283124058 82.693689138573930109 82.689815814819198181 82.628940112021311393 82.549794034086247052 82.53717862042056197 82.552350640878984223 82.555506391334432692 82.628527165133149879 82.683211999259924596 82.507968169192750452 82.156312641152652532 82.037753813165622319 81.928547922160760208 82.043670005366550413 81.987322214998243908 82.035261348034737239 81.797501696080374245 81.851042505796584692 81.699432123244818627 81.600973282424092758 81.512441205588160642 81.55106201594196591 81.394929032263220847 81.326019152603052476 81.283891432351907724 81.228090541151289017 81.645299823808827 81.600976789175305726 80.875721083642787335 81.291231479567173324 81.70903716128039207
82.536078933881412922 82.554735812132520323 82.516532258065808492 82.478261057731074857 82.59643542435756558 82.621128072935960063 82.616923076928912906 82.640032483046525158 82.705454159599341324 82.661316504666999094 82.618948871473449458 82.537482738800903803 82.535257092206862239 82.51412371133220347 82.54018000000010602 82.600474238877197308 82.625064695002450321 82.717244012182860047 82.685411379307197421 82.373299253656526275 82.195092351231437533 82.180427795874550156 82.17219179261864781 82.107516102103645039 82.010945795480395759 81.955805980185175486 81.89978773585936267 81.913095875161147319 81.816714630995591051 81.797500616699807097 81.75529006085773176 81.758588235289224144 81.599359727440671008 81.595724696371078721 81.513842453392641119 82.072943774618678958 82.201429755977500236 81.664310097934375676 81.897351136836363139 82.234935353920150192
82.568010918897883244 82.615762099297100463 82.468268281722586721 82.51428571422911773 82.59530303032347831 82.557617295301994886 82.566463923642558598 82.627777498735014206 82.741804342928247706 82.719830078271343154 82.639333656574905262 82.617010252148119775 82.613295986291959139 82.519999999999996021 82.479699436445898186 82.573513674182436262 82.619831906901694651 82.736024615010094863 82.810839694660216992 82.325014732255738181 82.314135227829396513 82.313183640718492029 82.37169168308537337 82.285758014063361543 82.235325704478157149 82.249155347271496908 82.199309553231969971 82.087146277085750512 82.07344059837132022 82.076723481401629101 82.007304108660846964 81.932818009218024713 81.981863254943036168 81.90071942446017772 81.914042692512524013 81.908689423128294038 81.750867152972389817 82.016200218637791863 82.153288990431931893 82.173763902594217257
82.499036236230551822 82.566991020889588526 82.454346529040122959 82.529751094438395853 82.586223671002798596 82.610175438631301859 82.62049969897209678 82.643248342541667739 82.71624512377195515 82.691007604558947719 82.640967670267698963 82.615350723371051345 82.552074683011909428 82.491573177423816787 82.499990784810094624 82.559191612434176477 82.628842671572883205 82.692941753935741644 82.611478995652774415 82.510808285109590088 82.432268472075278964 82.608607120531303281 82.563336357468145366 82.526301611755457088 82.625893350624224354 82.372286705353957359 82.344332755632734688 82.265156434089831805 82.293358075245279792 82.351309451775549064 82.285468902639252065 82.191244069913466319 82.245372350072301515 82.201494044381178128 82.139057045178802241 82.165063868058879848 81.370053925518220694 80.74105891309923777 80.657380928625357797 81.110966503190198296
82.458877574544857225 82.489500784124913935 82.425500184570282158 82.556885553489209428 82.591164544552910343 82.6225096109629078 82.671365853655402134 82.684973792170410434 82.701391641525830778 82.642111925383133553 82.606046308431615444 82.54150310559157333 82.564534522196581179 82.454461815501815636 82.492453257790685939 82.482755671230222561 82.586753246751186452 82.699696326341623376 82.648204744805980226 82.651638299016923384 82.620700477869945644 82.670673093192192482 82.708871352593448023 82.62753042898479805 82.556439409247744265 82.567258801397869661 82.568719933922778864 82.547777777805777077 82.494295991738198381 82.461250258514851907 82.434015390008653412 82.508397134453062449 82.536145046823619964 82.469683774887357686 82.511094123618164531 82.25 81.779721953241008237 79.465917607560683678 79.577059444113388054 80.199160587185858162
82.488725190170981705 82.571243561053989879 82.477220478618036736 82.548012114560265218 82.573536022486507591 82.626601989213611432 82.673002115553870794 82.668881353608199447 82.631465485955814643 82.638250019738805463 82.575992258438262184 82.545130948586432851 82.573148332195742682 82.528590755330625939 82.520607212958296373 82.571241790604673838 82.632069728823552168 82.744839693577546313 82.631906312628913724 82.56539802236197545 82.761794117619174926 82.765711614031800991 82.823686837178115638 82.807550535080224563 82.795222251289999349 82.7900253082688522 82.830733716454872706 82.797898729385991601 82.780092405067819072 82.709935351526851832 82.679191176462282442 82.702892848877340271 82.744919795526243433 82.760418707743156119 82.893300188116938898 82.048644485892793909 80.195174176639866914 78.730378874856995708 78.78062460112238341 79.689168263197544206
82.551164772728043317 82.542168069944196418 82.456401235315794906 82.63516536490428166 82.62396865204028984 82.622805188198597648 82.652831768576277227 82.665481742457416203 82.641702711424784411 82.666349035443587923 82.614567104928738672 82.572011280984980885 82.559955053292398475 82.563936751546606274 82.508251360712876021 82.552460658081884048 82.682712066904826997 82.72305480593502125 82.636296123313172757 82.80460287243496964 82.883257023295172417 82.894065462739149552 83.356025459686122758 83.382684809092395994 83.374681903851282527 83.348306451592009125 83.368888357641779407 83.341745730596372255 83.351151202748567925 83.29368641912802218 83.343451770294123548 83.357349887403657362 83.331156853179464861 83.322699787946419292 83.324770286375709816 82.726596754827539826 81.773068510184799607 79.017775482104838147 78.890702411965094143 79.558432005273715504
82.53996372430088968 82.5148813687077336 82.480915093408825101 82.569464920130954511 82.658054237313095314 82.709722886228377092 82.711685575358544043 82.741510115603261966 82.726122448993919534 82.674700854700944319 82.685238946492930268 82.598501561732376786 82.559218022215105748 82.538278151187185472 82.481339021099628894 82.491493394704519915 82.662978962425555096 82.718195292066198476 82.852216921801826288 82.975425176816941075 83.122373487565752725 83.204267487239235379 83.406017481735304386 83.450580486376409795 83.419366762180729324 83.42324118523298182 83.434147376994232559 83.434818288382714968 83.401019463013440713 83.447381632167648036 83.453172430215914801 83.420355509482035927 83.412227981452858216 83.410386593147450185 83.390358167061037875 82.656619059347562484 81.801369588476092076 80.730744442390303561 79.151656365966800877 80.245029776946338984
82.524560968856476961 82.540265273325374551 82.494358446547565222 82.62187842777572655 82.653268348628245121 82.713486584614813069 82.745709879751188964 82.759192372404655202 82.708853347790153521 82.701154007465788709 82.67218891847743123 82.653486682800050289 82.555936784248260096 82.54139436931949092 82.547083703588768344 82.598324935111605782 82.627985820172511922 82.757189908900826936 83.014041210645274305 83.171558006298766941 83.266484818994271677 83.353649192484184027 83.445711228200082132 83.459906141939200097 83.438712969056069824 83.464423523340514066 83.469570583056722057 83.659665427512592828 83.598873838317359741 83.555229335613432795 83.474000367220142493 83.399103031751963044 83.42951123562410487 83.425538854386459775 83.423249317615855603 82.830852645374079657 82.268113529744454127 82.251003114383010484 80.572074247604732022 81.578391541079909643
82.530822045759251182 82.518509926218612804 82.51341714401790739 82.580092592591427092 82.654707062601744383 82.701173121888373885 82.716723265889044114 82.735469477965452256 82.715241019343238804 82.666704209490049493 82.684490445856638985 82.653901098903716615 82.597747554614883825 82.540196346076513123 82.525868673041486545 82.605370370370337696 82.632035866979975935 82.923519581906035114 83.241134091598851796 83.365364746305829158 83.435764705881624081 83.540490227507987697 83.407236189128568071 83.462689003432785739 83.465287013451643361 83.469645392630823721 83.476245260698888728 83.549758587497592544 83.694639407093589512 83.647810047433566183 83.616876489716446486 83.546577637498799618 83.461560823671760545 83.419503449129635442 83.288554037540109221 82.960399602602052482 82.616578655728872604 82.531895200250218636 81.879239183231945276 83.235710289481190216
82.569304532275850761 82.523950866655496839 82.539130297275946191 82.673325526941937369 82.732267971647360127 82.718034041584616034 82.713725188417257073 82.714298287086165828 82.671217790070400611 82.62397837538124179 82.669090909095430675 82.641019328958378765 82.593077244279967886 82.525178777926356588 82.573603629301175033 82.613096590906295091 82.673927453052897363 82.90413814170139517 83.405421526609217153 83.656994871782629275 83.716144273901164752 83.807237376896395631 83.47261257432008108 83.484078532471599488 83.457101420706209183 83.482085384917439796 83.474120676971566013 83.533768144388048427 83.683047247642988964 83.614701945890885781 83.602255294986051126 83.563699593328095716 83.477790285885717481 83.502885618446043736 83.390616733657680015 82.751596409479930117 82.707212556738696208 82.814249363167732554 83.1685382767650907 85.135085246040631546
82.617243151635179288 82.567224287433433005 82.527121866903797809 82.616110590440342776 82.69134567245721712 82.688632949418263252 82.694375347029264844 82.712941176470692994 82.738432385873650787 82.652399770950950142 82.646068633368599876 82.578414872782545331 82.581053308370670152 82.526402076225110704 82.490949937737909181 82.600637310074603192 82.644495658336538213 82.873133983358471255 83.476965591011264678 83.804535206575067718 83.932676638721616769 83.945161613333965533 83.406405983984626573 83.485718876456530779 83.460841834691777308 83.445992905915986171 83.471996093244229087 83.517777701276429525 83.639268603219008469 83.581593844348219591 83.569147193443384936 83.55670054253855028 83.475855774747131477 83.405350172217694649 83.5539188096333163 83.193524105951226488 83.203684965518633021 83.597103134220077436 84.693477147698445151 86.43540043761386471
