static/img/nctu_TWD97.asc
ncols        189
nrows        186
xllcorner    249167.000000000000
yllcorner    2741587.000000000000
cellsize     6.000000000000
[rows 18 to 35 of 186, columns 80 to 119 of 189]
75.322054169190778339 75.629003250277648362 75.698164404221898849 75.716014544375042306 75.875126176541257905 75.709961286178369733 75.847380983140368471 75.526735327907346118 75.550661971833605435 75.564222203143003753 75.600525455765776428 75.45156545208378418 74.701068702291607337 73.46292035423222444 71.623957913614546555 72.156376824436676998 72.194181743686513641 70.239040953577728033 68.252634954878843132 65.377856473115770086 65.06359680375672383 65.124914130866983442 65.302110889950384376 65.236555472120713262 65.131574001095629001 63.879386617162460027 63.564186976014013908 63.564559266594791609 63.643576410859637349 63.810996482157356979 64.211727903146552876 64.320628298310992932 64.319827263718579502 64.636514122882559263 64.563739693007349274 64.585558649270808473 64.457403730087236227 64.284854111399724275 64.001519488442895067 63.874747871020197465
76.064351014146595276 75.635868539564555135 75.616796460829064586 75.58990806410925245 75.609682409171483641 75.710277234848049943 75.883628779568297773 75.558952662323832783 75.604465216469321831 75.99077965466520368 75.790048589199741969 75.699074978549901971 75.132442200088760842 74.746248199516585942 74.166053582210736295 73.544594092400217278 72.223536783781000281 70.348126743154395513 68.270138563448838909 66.393026188969813006 65.197133715380701346 65.254726361119310241 65.244228508960588897 65.276004208387760741 65.22009866049982918 65.173471443544485737 64.758646794616907982 63.569985919635833227 63.814691733347387981 63.955248282100839674 64.10860922664659256 64.530748758995869707 64.342658073736913593 64.581087783554053772 64.45589874906599448 64.642823572440931912 64.403792451250254203 64.358396649713142779 64.115246025176745093 64.013295491404221593
76.743749708548904209 75.742647863113674589 75.832228211786997463 75.643894249114495665 75.673168639790134193 75.767182230969552847 75.870245764292405966 75.941578295858647607 75.992088047729026812 76.234169761574378299 75.982274602588589119 76.000388362852447699 75.760804183225872066 75.432803248397789275 75.423846255651426418 74.815980813103337255 72.468238010807084493 70.431884598837754652 69.049209065807616525 68.667938571660343428 66.33954917097767634 65.319467471875540809 65.340010767248784873 65.3748737996070588 65.252331160994344827 65.270130662017109557 65.435671698768956617 65.234315176476243892 64.511832520349699394 63.887944724268010077 64.055574112727668989 64.184462507317448399 64.236547494036315697 64.341560022063362112 64.3779650905826486 64.65024706311162106 64.599070649856727755 64.459148669021359979 64.228178033959892446 64.247370218581778545
76.991576566914602608 76.340823710585141271 76.042921751322424484 75.827043478261245468 75.64739565943692412 75.731387372800298863 75.875140801644903377 75.928527137192048713 76.112395080870996367 76.434857102034357013 76.427751911731036216 76.251360490845883078 76.100506406343257026 75.879095876051039227 76.011387868329919115 75.124943155019536789 73.68508607755315154 70.569036809900211438 69.603154574163880852 69.228718388169710352 67.726182730242882712 65.441352977857789597 65.285051361608495313 65.381335726585291468 65.450222707158673074 65.316727561552156089 65.250367989924512813 65.450960082991485933 65.201623023997527184 64.975147460955540168 64.591593984966422681 64.594929691370609248 64.28992794072706829 64.225803860614618657 64.14964477557957423 64.320972383143256934 64.383797972485766081 64.38276011985169589 64.310000000000002274 64.277808043173379815
76.803697735209851771 76.115847318007254785 76.106324413401921447 75.888538899424716533 75.985694479308733662 75.910430583506638413 75.979290534542968771 76.070523513745811783 76.217600646464987335 76.283606950285161474 76.672872411085251088 76.57269908482535925 76.41521009211510318 76.429434149333715709 76.400235806643735259 76.002468281543642092 74.922193606664066579 72.81415254645988 70.443758149720650863 69.036261942395015012 68.61894564334362201 66.664075842630765578 65.37479108428377117 65.391950155287261737 65.417931600009524118 65.42165438854452475 67.268523190843623638 66.020543457626345685 65.305554103401831867 65.427802255884870419 65.387273811566487325 65.310654773185618183 65.015942622944663754 65.139445877322899037 64.072767017212626683 64.205414336584425428 64.399177066375656864 64.331581485103924933 64.360062800132709526 64.2002784572057692
76.658226378380405208 76.14005737817001318 76.170678584671676958 76.024766166919135912 76.19538985977786183 76.021422673689514227 76.102661118118248851 76.204837072213734928 76.359999999999999432 76.366058217307838163 76.80658894494554545 76.692091119420467749 76.674842534267853011 76.73259711726434773 76.563898412187498366 76.289351823082228066 74.928671836732533507 72.577385761089288962 71.876730523690397945 70.653218601635643381 69.424560688587078516 67.445396883958665057 65.553415519493270835 65.325340363649829101 65.36348273415249821 65.324678428502082284 68.14220487897256362 65.927924058889487924 65.401674614969778077 65.441343065694695724 65.377721394671965527 67.764422157052280227 67.891101274712255531 67.874159867848689487 67.575173992858765359 66.680751587248295209 65.279148444771394111 64.676083988490390198 64.359689722049282068 64.656585202540838964
76.389228595772436847 76.28739791074029597 76.252984401937368375 76.198591614290478446 76.207177207303175237 76.243449212365860035 76.258882056323400889 76.41290233493501205 76.557061217302077694 76.906014690021663682 76.939090909088889703 76.805908071761038514 76.831579376805436254 76.956732998408526214 76.797480314956331426 76.27333909534264933 74.495102754912437604 73.766162250298592085 73.585924688409662053 72.592499246266726232 70.345296706004006637 68.557456895448225964 67.811286203595273037 65.530948970448577029 65.473345859686489234 65.372894105059160097 68.338723548560352583 67.892230971174114984 68.268811613738876076 68.2390899816245593 68.181054852316222537 68.288046466985662164 68.553508810572665766 68.712311058180318923 68.274901455049274546 68.619793019094700526 67.799521780472289834 67.119886730496148175 66.733012818578757219 64.865851815271042824
76.469190591071921403 76.421282516354665404 76.160671729415611253 76.326070964370714478 76.331619117648685346 76.277178067390934757 76.318421933849307948 76.646000649106952096 76.702789623029914878 76.918113889675296946 77.147258064550783274 77.03610770855037515 76.188173913081655542 76.708899655466481704 76.917511333251169958 76.787044296355816186 75.271147698507476775 74.891427723213340073 74.78287934644544066 74.672973493507242893 72.384642618501914058 70.526500139586616456 68.954514782818961294 67.463173742860021775 66.489269626090859333 67.173343814340796598 68.23045539780252966 68.162653966268450745 67.895924154359974523 68.55244193723522983 68.778127579525104807 69.254505926296431539 69.134284415200227158 69.088623176842915541 68.957660505853226596 68.781793721992386281 68.887851239702442285 68.91393148790122325 68.861240220996577932 67.264932133171896567
76.715967910703540156 76.245237049016949982 75.604330411274773383 75.896669794949971788 76.514542005420793203 76.574611541940612369 76.680935511514803693 76.545656309571810993 76.884572914971627711 77.010732686391691004 77.404940293402447082 77.270963859517621586 75.518428030589547006 74.76068540094846071 75.006903786242318688 76.829372412801035352 76.762581021587550367 76.086920779032880091 75.828684633569892526 75.586628387543555618 73.611753067001643558 73.501312638061705229 69.525367877567305186 69.339684893334691651 69.63390680973223823 70.287572418234532279 70.84393103451101581 70.652439232396119451 70.333375036442021155 68.044820846885215815 68.743201572433065394 69.338081180851744989 69.025425266503361854 69.044696470593549975 69.141488589213366822 68.846988650098566609 69.031286307050123696 69.014115876648205017 68.986929905830749021 69.059016770807588159
75.232112863372577749 75.353036178058573569 75.234744113639962393 75.199062599078274616 75.38225503612409284 75.621816214163274594 75.731802922052807503 75.560408145111566114 76.01757125009932281 77.264320271715462241 77.642584857696959943 77.741495346748976658 76.938236381899685057 75.921561795222757496 74.852321674117831662 74.720666055088699409 75.237304174051715222 76.17484356271039303 77.00081053847607393 76.957318373291641933 75.270651738314001022 74.912138511927025775 71.474364525134433279 70.57816800135552171 70.944237543763790654 70.746737606102371387 70.579327112694940638 70.506161274741657508 70.421740898171492518 70.421028793287121061 68.806349489416334109 68.825863052782480622 69.042530292206251374 69.074189913711634858 69.306503867020254006 69.295937499973547347 69.238648796503085237 69.084079172327179208 69.169513380835823568 68.769010429806144202
75.266192303386034723 75.277849425801065308 75.261501566776999539 75.188350254173712983 75.263150382022871554 75.242310658584884209 75.193392771642209027 75.257817170905028092 76.158866439961144579 77.824482952739273856 78.248867924550779662 77.6656997445683146 77.020515282606183405 75.954433735331491562 74.940430999447102067 74.804032818619674572 74.898483571480767296 74.611655550882602483 74.836209098064159662 76.531576305190625931 76.874473067914266267 75.151930881785062866 72.788854166641016263 70.59164238410693315 70.835780715694397713 70.929288888876470764 70.751015131195600816 70.476581592917639796 70.408534155593386572 70.415957097962973421 69.043147218533391651 69.335299425182640221 69.5013147224913439 69.817212384508053447 69.338926678572590845 69.070219675381480329 69.063349045846607055 69.872158655805989724 70.085284190323619669 70.095757237908728143
75.314522348099401938 75.298174489075321958 75.281826630051256188 75.265478771025939864 75.243468631648681821 75.236719053974994154 75.228495822748556066 75.840876187208024817 77.188001242448194716 77.705882592705052048 78.731629860936664045 77.612496862048644175 77.042288816494249204 76.309197338620293749 75.046678173799620026 74.794340262732561087 74.93955777910433369 74.879997951836898551 74.887009391841814931 74.675874570726747947 75.583890160154467708 75.628382164226351847 74.544812890592012877 70.631543600487063372 70.688259271855841348 70.824019823832074394 70.863643065460450998 70.897835376532910345 71.023060513141274441 69.692742687444777516 70.01835552144251551 70.491482518346515462 70.581289948208265628 71.771602274320343895 72.364644651873703651 72.253074719518892266 70.288075774465923473 70.116725442031594184 70.164724816877821922 69.865736826292021533
76.045112434953409775 75.624157209202465424 75.54493004459426686 75.465702879986068297 75.546943208214685228 75.542476697101037075 75.578894589081343725 76.422919147332876832 77.855937906114434099 77.952207992409768167 79.559854368936797187 77.341215837421415813 77.32757009827683703 76.415444512987008352 75.152925348166334629 74.800673519242138809 74.817796101948275123 74.871321260983663137 74.852256752742661661 74.70601843950004195 75.676949255421746443 75.58689626555010932 74.748432116852271179 71.99806676022518559 70.637932918862460951 70.775448189622238715 70.851368260932446219 71.002064457302736855 71.275306065940569056 71.49139911497233868 71.561650437142105829 71.462241486562092518 71.661265173925173144 72.352678697307354128 72.527437037037785217 72.285618894161174808 72.433425531921159291 71.413484295204170849 70.553594028659958326 70.207869562937261776
77.718149628577535282 76.671443527879759472 76.139733064883557745 76.446495571820349824 76.67506642048061849 76.409589715707070923 76.404349416000414408 77.271474157047023823 78.79264045712774589 78.766548494874939479 79.987692307681811599 77.249516083142623302 77.305333600341953115 76.951161270261152936 74.681562318870632566 75.902711297181639338 74.847621017326574133 74.729980516021612402 74.797993513844147628 74.862669836839955906 75.134403892068775122 75.498066904995781101 75.472072617244975845 74.793769050652699093 70.694700698365551261 70.785589948205483779 70.778439193911509619 71.201773069733789612 71.565791302222166337 71.901344536402135077 71.973048302866004633 72.264460293823063353 72.170951248537988931 72.364245377124404968 72.47079634194683706 72.419517417828870975 72.652304380329468358 71.991114193800129328 71.406760213094699452 71.187592424214400921
78.301394794193072357 77.936054148354926951 77.081797941024476017 77.638109366532347622 77.831658680788294191 77.528393926926639779 77.218795092215458453 78.154790515174894949 79.784806774894704517 79.747279213379854923 80.105705401785044728 77.405729203668926175 77.505749927512923136 77.53992700392934978 77.635346531134345582 77.248778795694263977 76.44985777585662845 75.747523037264741674 74.883799093661579604 74.743458152473834843 74.61413355851244944 75.981033636117047081 75.950030066195850509 75.891179954824565357 72.335626118208196544 71.544807237432223701 71.484409429424260907 71.96199902405675175 72.439588618689256805 72.309288532222353751 72.434810200616254861 72.449021693979716474 72.434944821309784402 72.635001559523459491 72.687901152276069183 72.580832524285469276 72.685465049101395607 72.777843216910738988 72.291257454100147584 72.137150347431358455
79.177339016494116208 78.963052479908824921 78.540424213933675901 78.708200373059440835 78.993558959512895967 78.647198138256001698 78.223293993659225976 79.132767702757007555 80.776973092661663145 80.576394132877851462 80.246715342831748785 77.534132939802475448 77.610266574267072315 77.581091245092295594 77.934628925548153688 77.88144466366831864 77.713416438634581596 77.219162484114562517 76.635746203084281092 75.664102090751441665 74.832071887824227474 77.354172425199450913 77.631197411068285419 76.526755725178702505 73.905524184606719018 72.600877821120306521 72.403480257275390386 72.88106985190789544 73.115670911567576695 72.717232528073822095 72.830082530504114402 72.7844902512739651 72.604754722138068246 72.689914078964363853 72.63334540013531182 72.65353823278701384 72.652194381131167233 72.667149883551871881 72.719618843587952028 72.877133042886725889
79.6781555069213141 79.697728378568058361 79.536589746391953781 79.277511813755751291 79.395022514914145972 79.441806844006237043 79.519253128223894578 79.48172335094793084 80.682715415493547084 80.613483146066940321 80.400172884457418832 78.114809772056304382 77.651430815433187149 77.622255486258410428 78.096971477263423367 78.290837602986670163 78.127542796202305908 77.637795447256308989 77.48873857166113055 77.356707086445283039 77.452944444406995217 77.663184999360652228 78.184334520067253038 77.211731124403570448 75.36528904664835693 73.656948404808403552 73.361878676017084899 73.782636515927450205 74.017497159560903697 73.12517652389404077 73.163881252363111685 72.905418837421663625 72.931710726627812846 72.785642442851369083 72.716599554536131222 72.775297446402163359 73.03909543608274646 73.143746380986698341 72.827028140008437163 72.986206676991884024
80.366112473556057694 80.350157892499282752 80.057308439080713924 79.999997633821791965 80.076097464805854997 80.066879603080366223 80.090761579415740812 80.050376450686556495 80.619221023429517459 80.599493460116534038 80.551665178568327974 78.367174298552356504 77.638954911119768099 77.663419727421370453 78.259314028964269028 78.700230542281573776 77.880725224425177089 77.667850233911138957 77.678905092571824298 77.668585508983667864 77.598590893662276358 78.269446253017690651 78.455453615293194503 77.745834948043125223 76.367037427044863307 74.843862119397542187 74.340386753769649886 74.468238361203120235 75.359299493286329152 73.732463001079509013 73.497679974251880708 72.898640087031807866 72.937535994539274498 72.809388604570074222 72.817704335913489899 72.852478036963162822 73.069953418650797516 73.418620761890011295 73.205896855875508322 72.980904053403065745
