static/img/nctu_TWD97.asc
ncols        189
nrows        186
xllcorner    249167.000000000000
yllcorner    2741587.000000000000
cellsize     6.000000000000
[rows 0 to 17 of 186, columns 40 to 79 of 189]
72.487368113191692487 70.805182328791772761 71.705036396946397304 71.954618516282707219 74.566429473452899401 74.707421734505800259 74.376272431750322767 74.282531165360452974 75.905179344811344322 75.472341131746048859 74.722393054478985164 73.871803022499918256 73.811572880329663349 73.782294234436292868 73.673469610438019117 73.267702414824611878 73.687136533882025446 73.655085945552372095 73.550903854980830943 73.548368697968697916 73.637946605286003887 72.307838641543924041 71.876102636816980862 72.412695282572897781 72.55746302206446785 72.796022994211895707 72.025528391813182338 71.568546904422916555 70.665537847555214057 69.740183585491806184 69.439384390139935022 69.247544629539348193 69.095650433175507033 69.273194412201362979 69.027271420310441385 69.117282537249678853 69.218601938439874743 69.457043359899614643 69.695484781359340332 69.562557741308296499
76.404294858742133556 77.070216241540194346 77.025872669516147084 76.934386549240414865 78.156718794962174002 77.265918221515391906 75.80810506264568005 75.448346847424119233 76.174259635020177939 76.020542165424927816 75.529761786978824034 75.21309537134938239 75.697441707328337657 75.766263425256781261 75.700103574443417642 75.358628136856495416 75.305713981493141773 75.154017738712624919 74.98034995214538867 74.858130214618142872 74.827605890507754793 74.978728807289087399 75.203106720348003478 75.220417881504658908 74.943406309985746816 75.491002908545596028 75.489795112064356886 74.275494103956404501 73.623504323261315108 72.736971940660836822 71.63116039184515671 71.137501711752406663 70.278321236434777575 69.75223986651637631 69.881326424459416558 69.93549096597782011 70.375980912695851544 70.81683879873123999 70.061727636705668942 69.937323420065425239
79.955881507102034789 80.048839413960578781 80.163143845697632628 79.684059579572448229 78.912345183513224356 77.364453128583605235 76.197830201200986266 75.894842748954317813 76.187078838044527629 76.568743199155804291 76.348525376572851542 76.525305208517423239 76.196170212764016583 76.106050871994085583 75.941054036957254425 75.977220203955084799 75.915709853412636221 75.952709925878707509 75.929050125899678392 75.922634833298644708 75.955249999996723886 75.917505875431629647 75.903710438872963095 76.163479799463075892 75.833769873560086694 76.120095212466651446 76.110576361604486806 76.120269230772947822 75.864911967480779253 75.609657893148963126 72.807726218088419046 72.618275048238970726 71.959688869054744487 70.425112587608452941 70.750486160076860642 71.172889032307196544 72.064446029767722735 71.939072811167605437 71.892266422681856852 71.967835050236985239
80.838622161314589221 80.888479625406873197 80.70658754287765646 80.693923285166675896 80.630949186845782606 80.498794305195190191 80.714207266531374785 80.700547588029024837 78.863753313078632345 76.846542553190147373 76.835532472399833637 76.771472236988870463 76.625612021535530971 76.200995514832030153 76.123885999175939787 76.096599474157841314 76.084971809226146888 76.138830576365009506 75.997985963983481383 76.186307953071832344 75.999802011827142678 76.168406036416328675 76.242206602266151094 76.229119170962462704 76.128432296465419427 76.064253818091145831 76.160505087211390673 76.011569693497065714 75.726829629655142639 74.927861699432142473 72.631466229681564073 72.539309912621391163 72.391015625001173817 71.985233021430715894 71.683219492713959653 71.895000832661409618 72.926898009246968968 73.034545188534266913 72.848302425586965114 72.561719805431451391
80.959985096898861912 80.883535781286170163 80.95771782201437361 80.982653650326128059 81.14871944644977475 80.985964497038963827 81.17281056968063524 81.172033333299481228 81.424157496852402005 81.527707373241668165 81.160529105398452998 80.085720496829154058 77.034412328374244794 76.230554023574057965 76.310750915760522162 76.243584588356412723 76.20944419642822254 76.329727024178055217 76.160062235174947887 76.295982007826481208 76.083299365951191362 76.281939991467439199 76.321544401520014844 76.416076456837558339 76.161309785306329445 76.142677306001345983 76.293074573921771275 76.028098970177467208 75.582426983538297804 74.908565988982417139 72.731964478942359165 72.69313030350531335 72.629015519329314543 72.515978971832595334 72.363595249555643818 72.388918233767256538 73.362306579719003707 73.38674642484670585 73.185786301156753098 72.85889298637914635
81.049058478102494973 80.990212335820245926 81.046048919613923545 81.138470914121356259 81.51088789454814787 81.568375767078237004 81.46706103120249054 81.501336405559953846 81.508228173127292848 81.472378775513703886 81.470446382536565011 81.486262708417825706 81.530416811779318209 81.480567784665581144 81.309094152122398214 80.982729548157280419 79.752677502184823766 79.487014001528834228 78.530673885183105654 77.350161563621995242 77.042229048017347282 76.540807800446458486 76.791532879251889199 76.216963600534114676 76.218716594170729195 76.267698075206254771 76.434706502663559036 76.053790005822861531 75.222566394387641253 74.80296796232870804 72.773178310984008021 72.720329670331125271 72.704221484442342671 72.596156075815343911 73.247655716639556545 73.152756147681373022 73.644430190406907855 73.916880881987324869 73.570125754358812742 72.884358229293894738
81.132161697948660617 81.081902010419383942 81.015952007374636423 81.497735507236555463 82.095327661546647846 81.923657541760675826 81.612352605309737896 81.625761589413272645 81.603547008554627951 81.710846688822982742 81.711118185248892587 81.905110400311016861 81.676891359141251314 81.594888712264818764 81.47611111105086934 81.286712791081498608 80.996086979317865939 80.719424980812789272 80.400937040434968139 80.086751789276377167 79.69933677862726995 79.517927461144367385 79.161135338339761347 78.777441860458765177 78.452235507603248266 77.878632707839770433 77.530089909142162696 77.058727239759960526 76.483497546359060948 75.309553347591162265 72.737446153847514552 72.976748381150059686 72.907815545595568096 72.689069294338267468 74.12125641022529976 73.822800838044528859 73.844563867446282757 73.57056856184910032 73.014568965518719779 71.87711025587924496
81.186850956782478761 81.193487642639396995 81.151857177030422008 82.044666063816066526 81.941272818439102821 81.857004384901330241 81.765134762240251121 81.755565153138704204 81.733887513804944547 81.722033503588761505 81.601138366857455253 83.149209291272939026 82.317125663158336124 82.484071796712996161 82.012644445687172379 82.075559093157849588 82.32527559192027411 81.913665291346148933 80.83171849893406602 80.529360307507715788 79.959048973600346244 79.450810096149055539 79.18097530196921241 78.839240236686919161 78.515507254830211537 78.204485311128721037 77.82960787158650362 77.413076923066057589 77.142356244524961539 76.704713771631233499 76.313564356434952174 75.721805194967444663 75.325853453111733415 74.857715415453426999 74.673055630917303915 74.246928508324202767 74.023450238278130087 73.661092198583844493 73.215080528650602787 71.770011210162309112
81.340338983031728048 81.452133730116571542 81.632617401783988953 81.657583631074970754 81.678028767584791581 81.595843913868478126 81.902720316387686239 82.137952449280206224 82.678273139244154777 82.795129837613743007 82.433491780482995637 82.782178188606820868 83.500818466989699118 83.598151857395549769 83.285867700388237722 82.877788632975352812 82.779784091794979872 81.45004105721993426 81.545622777552708271 81.059855885441066903 80.401625976372159244 79.763151939651336875 79.755483276441950125 79.450412169954958586 78.723668189896372382 78.452863849699028265 77.815384922567531589 77.146571492800546821 76.58772093007797821 76.556342672533091331 76.222939185298400844 75.681344371022035489 75.341826644512167377 75.032753691091528481 74.699957300441781172 74.277203856743170718 73.953479065305955942 73.795114784205566139 73.385756504535862632 72.11886996682395079
82.533142374125318952 82.60298274585055367 82.230471582062776292 82.006650849759196831 81.908804010613479818 82.844589877835758784 83.178922766743028205 83.436091559159820008 83.902288788997864799 83.889210955771474687 83.299028440808669416 83.063996782758451332 83.435952669763480571 83.792543758049959024 84.383796296350368493 83.393970101387679961 82.251362178268578873 80.986416823093705375 81.179056668366783356 80.639307071122587445 79.941785902846021372 80.145136513650783172 79.925187739463993353 79.758766037144226857 79.519546604531768708 79.279739743596266521 77.20422761582459259 76.414267558552566584 76.399427662955716301 76.495036681759316366 75.846569814176660884 75.162818492964845518 74.948158939904089948 74.857469694754684042 74.648631812817200171 74.160843902141564854 73.857162393146083446 73.760060895521718294 73.206452864618057674 72.267816893373947096
82.864001699232716192 82.904069602274461204 82.68154230626534229 82.165180402033385576 82.293004452035475538 82.872481649664479164 83.891536989106299416 84.7620016197300572 85.097721984203161583 85.139716660970748308 84.84308424142913907 83.499004190579682927 83.478351809283850571 83.699329452721329403 84.167351379397658206 82.996907523443766763 81.52462708913421352 80.377527439364925499 80.077504948609217195 79.878008246134200476 79.916447788385880813 79.932927948600536183 79.921672894825306344 80.009031469998802777 79.878801939232488394 79.789690166168398378 77.925411835186011444 76.525665283340146061 76.422159674310108812 76.152848104266752216 75.175526668668084085 74.900383752589419828 74.738067930247865434 74.63330019106625457 74.513029083117743312 74.143447222535371566 73.858989871584682874 73.739445329267269358 73.505211953795125623 73.3153428720969913
83.108505254129170225 83.041948172845877707 82.823348754803802763 82.60725751969762598 82.738274794542576274 83.246147937965147889 83.836159288695341729 84.920017668596003091 86.17152829091783417 86.254191486768732489 84.221992738282750679 83.643793295368894292 83.354246238213249853 83.4259075615332506 83.036808281921452135 82.511602880741875765 81.044775932313214639 79.917175983050867671 79.830124482433873823 79.834870992963047343 79.942078374450488809 79.935549738220359473 79.957067808295903433 80.114954197669050018 79.974551361099941005 79.881658434059218621 78.045670144208813213 76.491814762531873839 76.435129609280963336 76.187820306939869397 75.219450888901761232 74.983840302200150063 74.897209214895553941 74.772625165666099178 74.422229411915679975 74.10201923077160302 73.905704588645917852 73.784521630101167489 73.609055926109988377 73.644196691073190664
83.149987585410571 83.078025799587152278 82.965155203375019255 83.049334637335917364 83.180351912180867657 83.619814226265816615 84.209825576996010454 84.799836927746341075 85.828294780336818803 84.866349599435963569 83.901563938315078417 83.496486486475788524 83.193832522879645808 83.131427361526007758 83.046999743713584508 82.400329654874767016 81.433789723898016177 80.165320371063259586 79.942374734879649623 80.037477338484166012 79.964810093476543784 79.884246427242530331 79.61562958436303461 78.034329326923426606 78.110852286624037788 78.83459353886891563 77.78423104040666658 76.545537099243176726 76.51257325782148655 76.430815656273892955 75.695864011441955199 75.245483838641760599 74.972350731836712612 74.912339524703554616 74.631018237618121702 74.236189429197963818 73.971244601367359905 73.867782812530577985 73.689357396500199116 73.74174620592049223
83.164297810218826612 83.175911302216704257 83.358966968499188965 83.491411755000157768 83.622429029845108062 83.99348051456648534 84.58349186529667918 85.173503216047009801 85.350770044422560545 84.918342807583442777 84.063960036401482512 83.419632636577077278 83.033418807556898855 82.992483917054485687 82.879932950893774546 82.767839702248764411 81.948349886092685779 80.508171092034544358 80.116305718887900866 79.974371967073722089 80.006782625408476406 79.654882748120030556 78.907342430035399161 78.073840093253053851 78.182960627096193207 78.095671270992099267 77.701020307157079969 76.906352046872399342 76.540038541050492427 76.389561974967065794 76.101417355009743915 75.682193732241046291 75.473220199464634561 75.205014758325177127 74.894512864333904645 75.185802461524644968 74.695999760854022043 74.059808946673044261 73.851565467427377598 73.773389571672922216
83.247221989091229943 83.209287625637102792 83.62573022039255477 83.875051240637375827 84.064506147509348466 84.367146802867154065 84.640439400161952221 84.648966948499591467 84.656847704389178944 84.463503615086239051 84.022966988559957713 83.450779358786220996 83.081884732223244328 82.935547577038249756 82.879999780212898486 82.580738428130302964 81.911344043022552341 80.564160772602647853 79.835842532647603775 79.741976974989484006 79.698682568549187977 79.466703933194025922 78.12974835308011734 78.076125636303672195 78.144455988646157607 78.20948866271673694 77.717411676728701764 76.914179705860078684 76.622082286843934185 76.517642135372483381 76.385822362338785751 76.618270340753511505 76.113189514049295781 75.892171462937369597 76.213190929668982676 76.534210396473383753 76.028733575549566126 74.994613250674404981 73.891406870140627916 73.738274822959610333
83.22387552901751917 83.599932817778977778 83.877894091735797133 84.049999999999997158 84.209861179155652167 84.298045817420515391 84.304602675098990971 84.266961538480060767 84.147403474894815645 83.989613353063688805 83.72207547165969288 83.228645161288127952 83.023674463940949408 82.856572769949551116 82.908273815350781888 82.436997720886225238 81.601173946139766713 80.444248658052700307 79.554951986022828692 79.529991668983441855 79.431184331660972475 79.025844370901708658 78.271917785765637632 78.20890665345083903 78.160332475407429342 78.149541960303892552 78.127569886808515776 77.228368320579789952 77.118922596153339555 76.920407127146845028 76.768723325370913813 76.812520578031168839 77.025614339341004211 77.130159909797598061 77.139442213855275554 76.839228486489446368 76.736496988294518928 75.669448119202627367 74.549207635244556513 74.358276819638234656
83.609160026805881216 83.721478333349608647 83.950425603607769176 84.119916033575862002 84.36352385608066129 84.90638840683381261 84.741526951583011851 84.475295804762581042 84.071589445610072744 83.953471374303333619 83.500597461863122817 83.410167824078058629 82.992919655595372319 82.732422671119550728 82.45780797666027695 82.463428571429957969 81.405094195129180434 80.339878208084343214 79.496065461083077253 79.509074231863351656 79.611129367725453676 79.258838718148325597 78.535286579381406113 78.396338429550041838 78.267543232523649976 78.138748035491033761 78.116585137879084755 77.584087425196216259 77.166271716364590816 77.282075920703107386 77.281823033450692151 77.189561806182354076 77.715234345243345615 77.321961930172705024 77.183788190309314814 77.081056692114387374 76.978325193919459934 76.295259780705478647 75.307935555896875712 75.376069592462997093
83.382758321583622774 83.401802104931519466 83.643587079895368674 83.747884746408288947 83.676544401581239185 84.297766582713464345 84.549910320941933151 84.213297637069061352 83.893438306800888427 83.983814399501511616 83.390894193535658019 83.213605275993700161 83.050476835475407711 82.477718867202000297 82.220591517857897657 81.82262631871459746 81.551854516486770308 80.043559236080284336 79.486522450858828392 79.525303337889141631 79.532598503742690355 79.047454882725261882 78.521685823756143918 78.430308160335258094 78.283911548093442434 78.130493038411174211 77.657505180833524605 77.234103925858704542 76.657736075146942767 76.773540279485445126 76.841549344415753353 76.686218092539860436 77.616943656603041291 77.528541016797689167 77.42561639593425582 77.322884897739342591 77.220153399544415151 76.921071442252625161 76.397517392044875351 76.019404112487876546
